$ 1 0.000005 10.20027730826997 50 5 50 5e-11
f 192 160 240 160 32 1.5 0.02
172 112 240 80 240 0 7 5 5 5 0 0.5 Gate Voltage
w 240 176 240 224 0
w 240 144 240 96 1
172 240 96 240 64 0 7 5 5 0 0 0.5 Drain Voltage
g 240 384 240 400 0 0
f 192 240 240 240 32 1.5 0.02
172 112 160 80 160 0 7 5 5 5 0 0.5 Gate Voltage
w 240 288 304 288 0
O 304 288 368 272 0 0
r 144 240 192 240 0 1000
r 240 320 240 352 0 1000
w 112 160 144 160 0
w 240 320 240 288 0
w 240 256 240 288 0
w 240 352 240 384 0
r 144 160 192 160 0 1000
w 144 240 112 240 0
o 0 64 0 4099 2.5 0.003125 0 2 0 3
