$ 1 0.000005 10.20027730826997 50 5 50 5e-11
g 48 320 48 368 0 0
v 48 320 48 272 0 0 40 5 0 0 0.5
w 48 272 48 224 0
w 48 224 112 224 0
w 112 224 112 176 0
w 112 176 144 176 0
w 112 224 144 224 0
s 144 176 176 176 0 0 false
s 144 224 176 224 0 0 false
w 176 224 208 224 0
w 176 176 208 176 0
w 208 176 208 192 0
w 208 192 240 192 0
w 208 224 240 224 0
w 240 192 240 160 0
r 240 160 240 128 0 1000
w 240 128 240 112 0
g 240 112 240 80 0 0
w 240 224 272 224 0
w 240 224 240 272 0
r 240 272 240 320 0 1000
w 240 320 240 336 0
g 240 336 240 368 0 0
w 240 192 272 192 0
w 336 208 384 208 0
r 384 208 448 208 0 1000
w 448 208 496 208 0
w 496 208 496 224 0
162 496 224 496 272 2 default-led 1 0 0 0.01
w 496 272 496 288 0
g 496 288 496 320 0 0
150 272 208 336 208 0 2 5 5
