$ 1 0.000005 10.20027730826997 50 5 50 5e-11
g 48 320 48 368 0 0
v 48 320 48 272 0 0 40 5 0 0 0.5
w 48 272 48 224 0
w 48 224 112 224 0
w 112 224 112 176 0
w 112 176 144 176 0
w 112 224 144 224 0
s 144 176 176 176 0 0 false
s 144 224 176 224 0 0 false
w 176 224 208 224 0
w 176 176 208 176 0
w 208 176 208 192 0
w 208 192 240 192 0
w 208 224 240 224 0
w 240 192 240 160 0
r 240 160 240 128 0 1000
w 240 128 240 112 0
g 240 112 240 80 0 0
w 240 224 272 224 0
w 240 224 240 272 0
r 240 272 240 320 0 1000
w 240 320 240 336 0
g 240 336 240 368 0 0
w 240 192 272 192 0
w 336 208 384 208 0
r 384 208 448 208 0 1000
w 448 208 496 208 0
w 496 208 496 224 0
162 496 224 496 272 2 default-led 1 0 0 0.01
w 496 272 496 288 0
g 496 288 496 320 0 0
150 272 208 336 208 0 2 5 5
g 528 720 528 752 0 0
w 528 704 528 720 0
162 528 656 528 704 2 default-led 1 0 0 0.01
w 528 640 528 656 0
w 480 640 528 640 0
r 416 640 480 640 0 1000
w 368 640 416 640 0
w 240 544 272 544 0
g 240 720 240 752 0 0
w 240 704 240 720 0
r 240 656 240 704 0 1000
w 240 608 240 656 0
w 240 608 272 608 0
g 240 464 240 432 0 0
w 240 480 240 464 0
r 240 512 240 480 0 1000
w 240 544 240 512 0
w 208 608 240 608 0
w 208 544 240 544 0
w 208 528 208 544 0
w 176 528 208 528 0
w 176 608 208 608 0
s 144 608 176 608 0 0 false
s 144 528 176 528 0 0 false
w 112 608 144 608 0
w 112 528 144 528 0
w 48 608 112 608 0
w 48 656 48 608 0
v 48 704 48 656 0 0 40 5 0 0 0.5
g 48 704 48 752 0 0
w 112 528 112 608 0
f 272 544 320 544 32 1.5 0.02
f 272 608 320 608 32 1.5 0.02
w 320 560 320 592 0
w 320 528 320 480 0
r 320 672 320 720 0 1000
w 320 720 320 736 0
g 320 736 320 784 0 0
R 320 480 320 448 0 0 40 5 0 0 0.5
w 320 624 320 640 0
w 320 640 320 672 0
w 320 640 368 640 0
