$ 1 0.000005 10.20027730826997 50 5 50 5e-11
w 64 432 64 240 0
w 64 240 160 240 0
w 112 432 112 320 0
r 160 240 208 240 0 1000
r 160 320 208 320 0 1000
w 208 240 256 240 0
w 208 320 256 320 0
t 256 240 288 240 0 1 -2.2381373153055124 0.20062651334514436 100 default
t 256 320 288 320 0 1 -2.238137328834437 0.20062651334839224 100 default
w 288 224 432 224 0
w 432 224 432 240 0
w 288 336 288 384 0
w 288 384 336 384 0
162 336 384 384 384 2 default-led 1 0 0 0.01
w 384 384 432 384 0
v 432 304 432 240 0 0 40 5 0 0 0.5
w 432 304 432 384 0
g 384 384 384 448 0 0
w 288 256 288 304 0
w 160 320 112 320 0
