$ 1 0.000005 10.20027730826997 50 5 50 5e-11
w 0 64 0 128 0
162 400 -16 400 48 2 default-led 1 0 0 0.01
w 128 368 128 304 0
w 128 208 128 272 0
w 176 384 416 384 0
w 416 112 416 384 0
w 64 112 304 112 0
w 64 288 64 112 0
s 416 384 512 384 0 0 false
s 0 288 64 288 0 0 false
w 480 48 400 48 0
w 480 96 480 48 0
w 368 48 400 48 0
w 368 96 368 48 0
r 400 -64 400 -16 0 1000
w 0 128 128 128 0
w 368 192 480 192 0
w 256 192 368 192 0
w 480 128 480 192 0
w 368 128 368 192 0
f 208 208 256 208 36 1.5 0.02
f 416 112 480 112 36 1.5 0.02
f 176 384 128 384 36 1.5 0.02
f 64 288 128 288 36 1.5 0.02
f 304 112 368 112 36 1.5 0.02
r 128 208 208 208 0 1000
r 128 128 128 208 0 1000
r 512 320 512 384 0 100
r 0 128 0 288 0 1000
g 128 400 128 448 0 0
g 256 224 256 272 0 0
R 512 320 512 256 0 0 40 5 0 0 0.5
R 0 64 -64 64 0 0 40 5 0 0 0.5
R 400 -64 400 -96 0 0 40 5 0 0 0.5
