$ 1 0.000005 10.20027730826997 50 5 50 5e-11
R 80 112 48 112 0 0 40 5 0 0 0.5
R 96 208 48 208 0 0 40 5 0 0 0.5
r 96 208 144 208 0 1000
r 80 112 144 112 0 1000
s 144 208 192 208 0 1 false
s 192 112 144 112 0 1 false
w 192 112 224 112 0
w 192 208 272 208 0
f 368 112 416 112 36 1.5 0.02
f 368 208 416 208 36 1.5 0.02
w 416 96 416 48 0
w 416 128 416 192 0
w 416 224 416 288 0
R 416 48 416 16 0 0 40 5 0 0 0.5
w 272 208 368 208 0
w 224 112 224 384 0
f 320 336 368 336 36 1.5 0.02
f 448 336 496 336 36 1.5 0.02
w 272 336 320 336 0
w 368 352 368 384 0
w 448 336 448 384 0
w 368 384 448 384 0
w 224 112 272 112 0
w 272 112 368 112 0
w 272 208 272 336 0
w 368 288 416 288 0
w 224 384 368 384 0
w 368 320 368 288 0
w 272 336 272 416 0
w 272 416 496 416 0
w 496 352 496 416 0
w 416 288 496 288 0
w 496 320 496 288 0
w 496 288 544 288 0
r 608 288 544 288 0 300
162 608 288 656 288 2 default-led 1 0 0 0.01
g 656 288 688 288 0 0
