$ 1 0.000005 10.20027730826997 50 5 50 5e-11
g 48 320 48 368 0 0
v 48 320 48 272 0 0 40 5 0 0 0.5
w 48 272 48 224 0
w 48 224 112 224 0
w 112 224 112 176 0
w 112 176 144 176 0
w 112 224 144 224 0
s 144 176 176 176 0 0 false
s 144 224 176 224 0 0 false
w 176 224 208 224 0
w 176 176 208 176 0
w 208 176 208 192 0
w 208 192 240 192 0
w 208 224 240 224 0
w 240 192 240 160 0
r 240 160 240 128 0 1000
w 240 128 240 112 0
g 240 112 240 80 0 0
w 240 224 272 224 0
w 240 224 240 272 0
r 240 272 240 320 0 1000
w 240 320 240 336 0
g 240 336 240 368 0 0
w 240 192 272 192 0
w 336 208 384 208 0
r 384 208 448 208 0 1000
w 448 208 496 208 0
w 496 208 496 224 0
162 496 224 496 272 2 default-led 1 0 0 0.01
w 496 272 496 288 0
g 496 288 496 320 0 0
151 272 208 336 208 0 2 0 5
g 640 608 640 640 0 0
w 640 592 640 608 0
162 640 544 640 592 2 default-led 1 0 0 0.01
w 640 528 640 544 0
w 592 528 640 528 0
r 528 528 592 528 0 1000
w 480 528 528 528 0
w 384 512 416 512 0
g 384 656 384 688 0 0
w 384 640 384 656 0
r 384 592 384 640 0 1000
w 384 544 384 592 0
w 384 544 416 544 0
g 384 432 384 400 0 0
w 384 448 384 432 0
r 384 480 384 448 0 1000
w 384 512 384 480 0
w 352 544 384 544 0
w 352 512 384 512 0
w 352 496 352 512 0
w 320 496 352 496 0
w 320 544 352 544 0
s 288 544 320 544 0 0 false
s 288 496 320 496 0 0 false
w 256 544 288 544 0
w 256 496 288 496 0
w 256 544 256 496 0
w 192 544 256 544 0
w 192 592 192 544 0
v 192 640 192 592 0 0 40 5 0 0 0.5
g 192 640 192 688 0 0
