$ 1 0.000005 10.20027730826997 50 5 50 5e-11
R 48 96 48 64 0 0 40 5 0 0 0.5
w 48 96 48 160 0
w 48 160 48 224 0
w 48 160 80 160 0
w 48 224 80 224 0
s 80 160 144 160 0 0 false
s 80 224 144 224 0 0 false
w 144 160 160 160 0
w 144 224 160 224 0
r 160 160 224 160 0 1000
r 160 224 224 224 0 1000
w 224 160 256 160 0
w 224 224 256 224 0
t 256 160 288 160 0 1 0.6324819819037198 0.6624339502693929 100 default
t 256 224 288 224 0 1 0.6324029328524479 0.6696578328149365 100 default
w 288 176 288 208 0
g 288 240 288 272 0 0
w 288 144 288 112 0
w 288 112 352 112 0
w 352 112 352 176 0
162 352 176 352 224 2 default-led 1 0 0 0.01
g 352 224 352 272 0 0
w 288 112 288 96 0
r 288 96 288 48 0 1000
R 288 48 288 16 0 0 40 5 0 0 0.5
