$ 1 0.000005 10.20027730826997 50 5 50 5e-11
g 48 320 48 368 0 0
v 48 320 48 272 0 0 40 5 0 0 0.5
w 48 272 48 224 0
w 48 224 112 224 0
w 112 224 112 176 0
w 112 176 144 176 0
w 112 224 144 224 0
s 144 176 176 176 0 0 false
s 144 224 176 224 0 0 false
w 176 224 208 224 0
w 176 176 208 176 0
w 208 176 208 192 0
w 208 192 240 192 0
w 208 224 240 224 0
w 240 192 240 160 0
r 240 160 240 128 0 1000
w 240 128 240 112 0
g 240 112 240 80 0 0
w 240 224 272 224 0
w 240 224 240 272 0
r 240 272 240 320 0 1000
w 240 320 240 336 0
g 240 336 240 368 0 0
w 240 192 272 192 0
w 336 208 384 208 0
r 384 208 448 208 0 1000
w 448 208 496 208 0
w 496 208 496 224 0
162 496 224 496 272 2 default-led 1 0 0 0.01
w 496 272 496 288 0
g 496 288 496 320 0 0
152 272 208 336 208 0 2 5 5
g 656 720 656 752 0 0
w 656 704 656 720 0
162 656 656 656 704 2 default-led 1 0 0 0.01
w 656 640 656 656 0
w 608 640 656 640 0
r 544 640 608 640 0 1000
w 496 640 544 640 0
w 240 528 272 528 0
g 240 704 240 736 0 0
w 240 688 240 704 0
r 240 640 240 688 0 1000
w 240 592 240 640 0
w 240 592 272 592 0
w 240 528 240 496 0
w 208 528 240 528 0
w 208 512 208 528 0
w 176 512 208 512 0
s 144 592 176 592 0 0 false
s 144 512 176 512 0 1 false
w 112 592 144 592 0
w 112 512 144 512 0
w 48 592 112 592 0
w 48 640 48 592 0
v 48 688 48 640 0 0 40 5 0 0 0.5
g 48 688 48 736 0 0
w 112 512 112 592 0
w 272 528 272 560 0
w 272 560 272 592 0
w 272 560 288 560 0
r 288 560 352 560 0 1000
f 352 560 400 560 32 1.5 0.02
w 400 544 400 512 0
w 400 576 400 608 0
w 400 512 448 512 0
w 400 608 448 608 0
w 448 512 448 496 0
r 448 496 448 448 0 1000
w 448 448 448 432 0
R 448 432 448 400 0 0 40 5 0 0 0.5
w 448 512 496 512 0
w 448 608 448 624 0
w 448 624 448 640 0
w 448 640 496 640 0
w 448 640 448 672 0
r 448 672 448 736 0 1000
w 448 736 448 752 0
g 448 752 448 784 0 0
w 448 608 496 608 0
w 496 512 496 544 0
w 496 608 496 576 0
f 480 560 496 560 32 1.5 0.02
w 176 592 240 592 0
r 240 496 240 448 0 1000
w 240 448 240 432 0
g 240 432 240 400 0 0
