$ 1 0.000005 10.20027730826997 50 5 50 5e-11
w 64 288 112 288 0
r 112 288 160 288 0 1000
w 160 288 176 288 0
f 176 288 208 288 32 1.5 0.02
w 208 272 208 208 0
w 208 304 208 368 0
w 208 208 272 208 0
w 272 208 272 160 0
w 272 208 352 208 0
w 352 208 352 272 0
f 304 288 352 288 32 1.5 0.02
w 352 304 352 368 0
w 208 368 272 368 0
w 272 368 272 416 0
w 272 368 352 368 0
w 272 416 336 416 0
w 272 416 272 432 0
r 272 432 272 480 0 1000
g 272 480 272 496 0 0
R 272 160 272 144 0 0 40 5 0 0 0.5
s 336 416 368 416 0 1 false
