$ 1 0.000005 10.20027730826997 50 5 50 5e-11
w 160 176 208 176 0
w 208 128 240 128 0
w 208 224 240 224 0
w 208 128 208 176 0
w 208 176 208 224 0
w 288 128 320 128 0
w 288 224 320 224 0
w 384 128 400 128 0
w 384 224 400 224 0
w 400 128 400 176 0
w 400 224 400 176 0
w 400 176 464 176 0
w 160 336 464 336 0
w 464 176 464 224 0
w 464 336 464 288 0
w 160 176 160 208 0
r 160 208 160 256 0 1000
w 160 256 160 272 0
w 160 336 160 320 0
v 160 320 160 272 0 0 40 5 0 0 0.5
s 240 128 288 128 0 0 false
s 240 224 288 224 0 0 false
d 320 128 384 128 2 default
d 320 224 384 224 2 default
162 464 224 464 288 2 default-led 1 0 0 0.01
