$ 1 0.000005 10.20027730826997 50 5 50 5e-11
w 960 96 992 128 0
w 880 256 912 384 0
w 880 -16 912 -112 0
w 880 -16 832 128 0
w 832 128 880 256 0
w 768 112 1168 112 0
w 768 128 768 112 0
w 1168 128 1168 112 0
v 768 128 816 128 0 0 40 5 0 0 0.5
162 1088 128 1168 128 2 default-led 1 0 0 0.01
f 912 240 912 192 44 1.5 0.02
f 912 16 912 64 44 1.5 0.02
s 912 304 912 384 0 1 false
s 912 -112 912 -32 0 1 false
r 1024 128 1072 128 0 1000
r 912 -32 912 16 0 1000
r 912 304 912 240 0 1000
w 816 128 832 128 0
w 848 128 896 192 0
w 848 128 896 64 0
w 1072 128 1088 128 0
w 992 128 1024 128 0
w 832 128 848 128 0
w 928 64 960 96 0
w 960 160 928 192 0
w 992 128 960 160 0
v 48 352 48 288 0 0 40 5 0 0 0.5
w 48 352 48 384 0
w 48 384 80 384 0
s 80 384 160 384 0 0 false
w 160 384 192 384 0
r 192 384 256 384 0 1000
w 256 384 272 384 0
g 304 400 304 416 0 0
w 304 368 304 304 0
w 304 304 320 304 0
w 624 368 640 368 0
w 624 432 624 368 0
g 624 464 624 480 0 0
w 576 448 592 448 0
r 512 448 576 448 0 1000
w 480 448 512 448 0
s 400 448 480 448 0 0 false
w 368 448 400 448 0
w 368 416 368 448 0
v 368 416 368 352 0 0 40 5 0 0 0.5
w 320 304 640 304 0
w 640 368 640 304 0
w 640 304 640 256 0
162 640 176 640 256 2 default-led 1 0 0 0.01
w 640 176 640 128 0
r 640 48 640 128 0 1000
v 640 48 640 -16 0 0 40 5 0 0 0.5
t 272 384 304 384 0 1 3.2751640462782553e-20 -3.27516532793875e-18 100 default
t 592 448 624 448 0 1 3.307916942889155e-18 -2.5512377435137156e-26 100 default
