$ 1 0.000005 10.20027730826997 50 5 50 5e-11
w 544 464 592 464 0
r 592 464 640 464 0 1000
w 640 464 656 464 0
f 656 464 688 464 32 1.5 0.02
w 688 448 688 384 0
w 688 480 688 544 0
w 688 384 752 384 0
w 752 384 752 336 0
w 752 384 832 384 0
w 832 384 832 448 0
f 784 464 832 464 32 1.5 0.02
w 832 480 832 544 0
w 688 544 752 544 0
w 752 544 752 592 0
w 752 544 832 544 0
w 752 592 816 592 0
w 752 592 752 608 0
r 752 608 752 656 0 1000
g 752 656 752 672 0 0
R 752 336 752 320 0 0 40 5 0 0 0.5
s 816 592 848 592 0 1 false
w 480 464 544 464 0
w 480 464 480 496 0
w 416 496 480 496 0
w 480 496 480 560 0
r 480 560 480 624 0 1000
w 480 624 480 656 0
g 480 656 480 704 0 0
s 352 496 416 496 0 0 false
w 272 496 352 496 0
w 272 496 272 576 0
w 272 624 272 656 0
g 272 656 272 688 0 0
w 832 464 944 464 0
r 944 464 1024 464 0 1000
w 1024 464 1024 544 0
162 1024 544 1024 592 2 default-led 1 0 0 0.01
w 1024 592 1024 608 0
g 1024 608 1024 672 0 0
v 272 624 272 576 0 0 40 5 0 0 0.5
