$ 1 0.000005 10.20027730826997 50 5 50 5e-11
w 480 416 496 416 0
r 496 416 544 416 0 1000
w 544 416 560 416 0
f 560 416 592 416 32 1.5 0.02
g 592 432 592 480 0 0
w 592 400 592 352 0
w 592 352 656 352 0
w 592 352 592 320 0
r 592 320 592 272 0 1000
w 592 272 592 240 0
R 592 240 592 224 0 0 40 5 0 0 0.5
s 656 352 704 352 0 0 false
w 416 416 480 416 0
s 368 416 416 416 0 0 false
w 368 416 208 416 0
w 208 416 208 480 0
v 208 512 208 480 0 0 40 5 0 0 0.5
w 208 512 208 528 0
g 208 528 208 576 0 0
w 704 352 752 352 0
r 752 352 816 352 0 1000
w 816 352 848 352 0
w 848 352 848 400 0
162 848 400 848 448 2 default-led 1 0 0 0.01
w 848 448 848 480 0
g 848 480 848 528 0 0
