$ 1 0.000005 10.20027730826997 50 5 50 5e-11
w 32 224 32 256 0
w 32 256 64 256 0
s 64 256 96 256 0 1 false
w 96 256 128 256 0
r 128 256 176 256 0 200
w 176 256 192 256 0
t 192 256 208 256 0 1 -1.6361609169435547 0.19292435132996655 100 default
w 208 272 208 288 0
g 208 288 208 304 0 0
w 208 240 208 176 0
R 240 208 240 192 0 0 40 5 0 0 0.5
w 240 208 240 256 0
w 240 256 256 256 0
s 256 256 288 256 0 1 false
w 288 256 320 256 0
r 320 256 368 256 0 200
w 368 256 400 256 0
t 400 256 432 256 0 1 -1.6361609296709747 0.19292433860254649 100 default
w 432 272 432 288 0
g 432 288 432 304 0 0
w 432 240 432 176 0
w 208 176 432 176 0
w 432 176 432 160 0
w 432 160 432 144 0
w 432 160 464 160 0
w 464 160 464 192 0
r 432 144 432 96 0 200
w 432 96 432 80 0
162 464 192 464 224 2 default-led 1 0 0 0.01
w 464 224 464 240 0
g 464 240 464 272 0 0
R 32 224 32 192 0 0 40 5 0 0 0.5
R 432 80 432 64 0 0 40 5 0 0 0.5
