$ 1 0.000005 10.20027730826997 50 5 50 5e-11
w 176 96 336 96 0
w 336 96 448 96 0
w 176 96 176 160 0
w 112 160 176 160 0
w 176 160 240 160 0
w 112 160 112 192 0
w 240 160 240 192 0
w 112 240 112 256 0
w 240 240 240 256 0
w 112 304 176 304 0
w 176 304 240 304 0
w 176 304 176 368 0
w 176 368 336 368 0
w 336 368 448 368 0
w 448 96 448 192 0
w 448 368 448 256 0
w 336 96 336 160 0
w 336 368 336 336 0
r 336 336 336 288 0 1000
w 336 288 336 240 0
d 112 256 112 304 2 default
d 240 256 240 304 2 default
s 112 192 112 240 0 0 false
s 240 192 240 240 0 0 false
v 336 240 336 160 0 0 40 5 0 0 0.5
162 448 192 448 256 2 default-led 1 0 0 0.01
